{
 "cells": [
  {
   "cell_type": "code",
   "execution_count": 102,
   "metadata": {},
   "outputs": [],
   "source": [
    "%reload_ext autoreload\n",
    "%autoreload 2\n",
    "import numpy as np\n",
    "import pynocular as pn\n",
    "from matplotlib import pyplot as plt"
   ]
  },
  {
   "cell_type": "code",
   "execution_count": 103,
   "metadata": {},
   "outputs": [],
   "source": [
    "g = pn.GridData(x=np.arange(21), y=np.arange(6))"
   ]
  },
  {
   "cell_type": "code",
   "execution_count": 104,
   "metadata": {},
   "outputs": [
    {
     "data": {
      "text/html": [
       "<table>\n",
       "<tbody>\n",
       "<tr><td><b>y \\ x</b>  </td><td><b>[0. 1.]</b></td><td><b>[1. 2.]</b></td><td><b>[2. 3.]</b></td><td><b>[3. 4.]</b></td><td><b>[4. 5.]</b></td><td><b>[5. 6.]</b></td><td>...</td><td><b>[14. 15.]</b></td><td><b>[15. 16.]</b></td><td><b>[16. 17.]</b></td><td><b>[17. 18.]</b></td><td><b>[18. 19.]</b></td><td><b>[19. 20.]</b></td></tr>\n",
       "<tr><td><b>[0. 1.]</b></td><td>              </td><td>              </td><td>              </td><td>              </td><td>              </td><td>              </td><td>...</td><td>                </td><td>                </td><td>                </td><td>                </td><td>                </td><td>                </td></tr>\n",
       "<tr><td><b>[1. 2.]</b></td><td>              </td><td>              </td><td>              </td><td>              </td><td>              </td><td>              </td><td>...</td><td>                </td><td>                </td><td>                </td><td>                </td><td>                </td><td>                </td></tr>\n",
       "<tr><td><b>[2. 3.]</b></td><td>              </td><td>              </td><td>              </td><td>              </td><td>              </td><td>              </td><td>...</td><td>                </td><td>                </td><td>                </td><td>                </td><td>                </td><td>                </td></tr>\n",
       "<tr><td><b>[3. 4.]</b></td><td>              </td><td>              </td><td>              </td><td>              </td><td>              </td><td>              </td><td>...</td><td>                </td><td>                </td><td>                </td><td>                </td><td>                </td><td>                </td></tr>\n",
       "<tr><td><b>[4. 5.]</b></td><td>              </td><td>              </td><td>              </td><td>              </td><td>              </td><td>              </td><td>...</td><td>                </td><td>                </td><td>                </td><td>                </td><td>                </td><td>                </td></tr>\n",
       "</tbody>\n",
       "</table>"
      ],
      "text/plain": [
       "GridData(Grid(\n",
       "Axis(\"x\",\n",
       "points = None,\n",
       "edges = array([[ 0.,  1.],\n",
       "       [ 1.,  2.],\n",
       "       [ 2.,  3.],\n",
       "       [ 3.,  4.],\n",
       "       [ 4.,  5.],\n",
       "       [ 5.,  6.],\n",
       "       [ 6.,  7.],\n",
       "       [ 7.,  8.],\n",
       "       [ 8.,  9.],\n",
       "       [ 9., 10.],\n",
       "       [10., 11.],\n",
       "       [11., 12.],\n",
       "       [12., 13.],\n",
       "       [13., 14.],\n",
       "       [14., 15.],\n",
       "       [15., 16.],\n",
       "       [16., 17.],\n",
       "       [17., 18.],\n",
       "       [18., 19.],\n",
       "       [19., 20.]]))\n",
       "nbins = 20),\n",
       "Axis(\"y\",\n",
       "points = None,\n",
       "edges = array([[0., 1.],\n",
       "       [1., 2.],\n",
       "       [2., 3.],\n",
       "       [3., 4.],\n",
       "       [4., 5.]]))\n",
       "nbins = 5),)\n",
       "[])"
      ]
     },
     "execution_count": 104,
     "metadata": {},
     "output_type": "execute_result"
    }
   ],
   "source": [
    "g"
   ]
  },
  {
   "cell_type": "code",
   "execution_count": 105,
   "metadata": {},
   "outputs": [],
   "source": [
    "# add something\n",
    "g['a'] = np.random.rand(g.grid.size).reshape(g.shape)"
   ]
  },
  {
   "cell_type": "code",
   "execution_count": 106,
   "metadata": {},
   "outputs": [
    {
     "data": {
      "text/html": [
       "<table>\n",
       "<tbody>\n",
       "<tr><td><b>y \\ x</b>  </td><td><b>[0. 1.]</b></td><td><b>[1. 2.]</b></td><td><b>[2. 3.]</b></td><td><b>[3. 4.]</b></td><td><b>[4. 5.]</b></td><td><b>[5. 6.]</b></td><td>...</td><td><b>[14. 15.]</b></td><td><b>[15. 16.]</b></td><td><b>[16. 17.]</b></td><td><b>[17. 18.]</b></td><td><b>[18. 19.]</b></td><td><b>[19. 20.]</b></td></tr>\n",
       "<tr><td><b>[0. 1.]</b></td><td>a = 0.61      </td><td>a = 0.38      </td><td>a = 0.33      </td><td>a = 0.15      </td><td>a = 0.45      </td><td>a = 0.35      </td><td>...</td><td>a = 0.85        </td><td>a = 0.15        </td><td>a = 0.71        </td><td>a = 0.72        </td><td>a = 0.88        </td><td>a = 0.12        </td></tr>\n",
       "<tr><td><b>[1. 2.]</b></td><td>a = 0.94      </td><td>a = 0.39      </td><td>a = 0.5       </td><td>a = 0.21      </td><td>a = 0.16      </td><td>a = 0.26      </td><td>...</td><td>a = 0.21        </td><td>a = 0.26        </td><td>a = 0.9         </td><td>a = 0.46        </td><td>a = 0.51        </td><td>a = 0.42        </td></tr>\n",
       "<tr><td><b>[2. 3.]</b></td><td>a = 0.91      </td><td>a = 0.47      </td><td>a = 0.4       </td><td>a = 0.72      </td><td>a = 0.98      </td><td>a = 0.53      </td><td>...</td><td>a = 0.027       </td><td>a = 0.66        </td><td>a = 0.029       </td><td>a = 0.22        </td><td>a = 0.57        </td><td>a = 0.8         </td></tr>\n",
       "<tr><td><b>[3. 4.]</b></td><td>a = 0.69      </td><td>a = 0.61      </td><td>a = 0.18      </td><td>a = 0.8       </td><td>a = 0.074     </td><td>a = 0.51      </td><td>...</td><td>a = 0.48        </td><td>a = 0.56        </td><td>a = 0.33        </td><td>a = 0.33        </td><td>a = 0.92        </td><td>a = 0.48        </td></tr>\n",
       "<tr><td><b>[4. 5.]</b></td><td>a = 0.39      </td><td>a = 0.74      </td><td>a = 0.54      </td><td>a = 0.25      </td><td>a = 0.6       </td><td>a = 0.56      </td><td>...</td><td>a = 0.31        </td><td>a = 0.89        </td><td>a = 0.64        </td><td>a = 0.7         </td><td>a = 0.21        </td><td>a = 0.75        </td></tr>\n",
       "</tbody>\n",
       "</table>"
      ],
      "text/plain": [
       "GridData(Grid(\n",
       "Axis(\"x\",\n",
       "points = None,\n",
       "edges = array([[ 0.,  1.],\n",
       "       [ 1.,  2.],\n",
       "       [ 2.,  3.],\n",
       "       [ 3.,  4.],\n",
       "       [ 4.,  5.],\n",
       "       [ 5.,  6.],\n",
       "       [ 6.,  7.],\n",
       "       [ 7.,  8.],\n",
       "       [ 8.,  9.],\n",
       "       [ 9., 10.],\n",
       "       [10., 11.],\n",
       "       [11., 12.],\n",
       "       [12., 13.],\n",
       "       [13., 14.],\n",
       "       [14., 15.],\n",
       "       [15., 16.],\n",
       "       [16., 17.],\n",
       "       [17., 18.],\n",
       "       [18., 19.],\n",
       "       [19., 20.]]))\n",
       "nbins = 20),\n",
       "Axis(\"y\",\n",
       "points = None,\n",
       "edges = array([[0., 1.],\n",
       "       [1., 2.],\n",
       "       [2., 3.],\n",
       "       [3., 4.],\n",
       "       [4., 5.]]))\n",
       "nbins = 5),)\n",
       "[GridArray(a : [[0.60724931 0.94121067 0.90872383 0.68794883 0.39019938]\n",
       " [0.38066504 0.39401243 0.47162141 0.6078555  0.73566583]\n",
       " [0.32690845 0.49888907 0.40270122 0.17522994 0.54071207]\n",
       " [0.15359453 0.20825346 0.71628659 0.8016141  0.25327254]\n",
       " [0.44818402 0.15601479 0.98216289 0.07361609 0.59539014]\n",
       " [0.35232173 0.26473526 0.53419151 0.51196432 0.56366195]\n",
       " [0.74888559 0.33388275 0.80779037 0.30147297 0.03889536]\n",
       " [0.56561252 0.82129457 0.99700777 0.92659651 0.77128051]\n",
       " [0.69799693 0.64007116 0.93558232 0.38441883 0.44084284]\n",
       " [0.37984024 0.89685304 0.31289374 0.48203364 0.36458438]\n",
       " [0.72217869 0.14288056 0.18236482 0.61789114 0.00434624]\n",
       " [0.39971559 0.24668918 0.613626   0.88212954 0.82850063]\n",
       " [0.81160992 0.00955763 0.28728859 0.49259011 0.69969441]\n",
       " [0.96507672 0.81980437 0.95724464 0.87152772 0.86686726]\n",
       " [0.85091815 0.21410966 0.02701908 0.48274437 0.30520386]\n",
       " [0.15119714 0.2625145  0.65848071 0.55866164 0.88566679]\n",
       " [0.71026385 0.89863685 0.02921534 0.33401905 0.63535831]\n",
       " [0.721911   0.45927751 0.22140315 0.32839972 0.69980555]\n",
       " [0.88258343 0.50793063 0.56594988 0.92362144 0.20615527]\n",
       " [0.12163923 0.4174494  0.79825011 0.47724997 0.75464451]])])"
      ]
     },
     "execution_count": 106,
     "metadata": {},
     "output_type": "execute_result"
    }
   ],
   "source": [
    "g"
   ]
  },
  {
   "cell_type": "code",
   "execution_count": 107,
   "metadata": {},
   "outputs": [],
   "source": [
    "g['b'] = np.ones(g.shape)"
   ]
  },
  {
   "cell_type": "code",
   "execution_count": 108,
   "metadata": {},
   "outputs": [
    {
     "data": {
      "text/plain": [
       "(20, 5)"
      ]
     },
     "execution_count": 108,
     "metadata": {},
     "output_type": "execute_result"
    }
   ],
   "source": [
    "g.shape"
   ]
  },
  {
   "cell_type": "code",
   "execution_count": 109,
   "metadata": {},
   "outputs": [
    {
     "data": {
      "text/html": [
       "<table>\n",
       "<tbody>\n",
       "<tr><td><b>x \\ y</b>    </td><td><b>[0. 1.]</b></td><td><b>[1. 2.]</b></td><td><b>[2. 3.]</b></td><td><b>[3. 4.]</b></td><td><b>[4. 5.]</b></td></tr>\n",
       "<tr><td><b>[0. 1.]</b>  </td><td>1             </td><td>1             </td><td>1             </td><td>1             </td><td>1             </td></tr>\n",
       "<tr><td><b>[1. 2.]</b>  </td><td>1             </td><td>1             </td><td>1             </td><td>1             </td><td>1             </td></tr>\n",
       "<tr><td><b>[2. 3.]</b>  </td><td>1             </td><td>1             </td><td>1             </td><td>1             </td><td>1             </td></tr>\n",
       "<tr><td><b>[3. 4.]</b>  </td><td>1             </td><td>1             </td><td>1             </td><td>1             </td><td>1             </td></tr>\n",
       "<tr><td><b>[4. 5.]</b>  </td><td>1             </td><td>1             </td><td>1             </td><td>1             </td><td>1             </td></tr>\n",
       "<tr><td><b>[5. 6.]</b>  </td><td>1             </td><td>1             </td><td>1             </td><td>1             </td><td>1             </td></tr>\n",
       "<tr><td>...             </td><td>...           </td><td>...           </td><td>...           </td><td>...           </td><td>...           </td></tr>\n",
       "<tr><td><b>[14. 15.]</b></td><td>1             </td><td>1             </td><td>1             </td><td>1             </td><td>1             </td></tr>\n",
       "<tr><td><b>[15. 16.]</b></td><td>1             </td><td>1             </td><td>1             </td><td>1             </td><td>1             </td></tr>\n",
       "<tr><td><b>[16. 17.]</b></td><td>1             </td><td>1             </td><td>1             </td><td>1             </td><td>1             </td></tr>\n",
       "<tr><td><b>[17. 18.]</b></td><td>1             </td><td>1             </td><td>1             </td><td>1             </td><td>1             </td></tr>\n",
       "<tr><td><b>[18. 19.]</b></td><td>1             </td><td>1             </td><td>1             </td><td>1             </td><td>1             </td></tr>\n",
       "<tr><td><b>[19. 20.]</b></td><td>1             </td><td>1             </td><td>1             </td><td>1             </td><td>1             </td></tr>\n",
       "</tbody>\n",
       "</table>"
      ],
      "text/plain": [
       "GridArray(b : [[1. 1. 1. 1. 1. 1. 1. 1. 1. 1. 1. 1. 1. 1. 1. 1. 1. 1. 1. 1.]\n",
       " [1. 1. 1. 1. 1. 1. 1. 1. 1. 1. 1. 1. 1. 1. 1. 1. 1. 1. 1. 1.]\n",
       " [1. 1. 1. 1. 1. 1. 1. 1. 1. 1. 1. 1. 1. 1. 1. 1. 1. 1. 1. 1.]\n",
       " [1. 1. 1. 1. 1. 1. 1. 1. 1. 1. 1. 1. 1. 1. 1. 1. 1. 1. 1. 1.]\n",
       " [1. 1. 1. 1. 1. 1. 1. 1. 1. 1. 1. 1. 1. 1. 1. 1. 1. 1. 1. 1.]])"
      ]
     },
     "execution_count": 109,
     "metadata": {},
     "output_type": "execute_result"
    }
   ],
   "source": [
    "g['b'].T"
   ]
  },
  {
   "cell_type": "code",
   "execution_count": 110,
   "metadata": {},
   "outputs": [
    {
     "data": {
      "text/html": [
       "<table>\n",
       "<tbody>\n",
       "<tr><td><b>y \\ x</b>  </td><td><b>[0. 1.]</b></td><td><b>[1. 2.]</b></td><td><b>[2. 3.]</b></td><td><b>[3. 4.]</b></td><td><b>[4. 5.]</b></td><td><b>[5. 6.]</b></td><td>...</td><td><b>[14. 15.]</b></td><td><b>[15. 16.]</b></td><td><b>[16. 17.]</b></td><td><b>[17. 18.]</b></td><td><b>[18. 19.]</b></td><td><b>[19. 20.]</b></td></tr>\n",
       "<tr><td><b>[0. 1.]</b></td><td>--            </td><td>1             </td><td>1             </td><td>1             </td><td>1             </td><td>1             </td><td>...</td><td>--              </td><td>1               </td><td>--              </td><td>--              </td><td>--              </td><td>1               </td></tr>\n",
       "<tr><td><b>[1. 2.]</b></td><td>--            </td><td>1             </td><td>1             </td><td>1             </td><td>1             </td><td>1             </td><td>...</td><td>1               </td><td>1               </td><td>--              </td><td>1               </td><td>--              </td><td>1               </td></tr>\n",
       "<tr><td><b>[2. 3.]</b></td><td>--            </td><td>1             </td><td>1             </td><td>--            </td><td>--            </td><td>--            </td><td>...</td><td>1               </td><td>--              </td><td>1               </td><td>1               </td><td>--              </td><td>--              </td></tr>\n",
       "<tr><td><b>[3. 4.]</b></td><td>--            </td><td>--            </td><td>1             </td><td>--            </td><td>1             </td><td>--            </td><td>...</td><td>1               </td><td>--              </td><td>1               </td><td>1               </td><td>--              </td><td>1               </td></tr>\n",
       "<tr><td><b>[4. 5.]</b></td><td>1             </td><td>--            </td><td>--            </td><td>1             </td><td>--            </td><td>--            </td><td>...</td><td>1               </td><td>--              </td><td>--              </td><td>--              </td><td>1               </td><td>--              </td></tr>\n",
       "</tbody>\n",
       "</table>"
      ],
      "text/plain": [
       "GridArray(b : [[-- -- -- -- 1.0]\n",
       " [1.0 1.0 1.0 -- --]\n",
       " [1.0 1.0 1.0 1.0 --]\n",
       " [1.0 1.0 -- -- 1.0]\n",
       " [1.0 1.0 -- 1.0 --]\n",
       " [1.0 1.0 -- -- --]\n",
       " [-- 1.0 -- 1.0 1.0]\n",
       " [-- -- -- -- --]\n",
       " [-- -- -- 1.0 1.0]\n",
       " [1.0 -- 1.0 1.0 1.0]\n",
       " [-- 1.0 1.0 -- 1.0]\n",
       " [1.0 1.0 -- -- --]\n",
       " [-- 1.0 1.0 1.0 --]\n",
       " [-- -- -- -- --]\n",
       " [-- 1.0 1.0 1.0 1.0]\n",
       " [1.0 1.0 -- -- --]\n",
       " [-- -- 1.0 1.0 --]\n",
       " [-- 1.0 1.0 1.0 --]\n",
       " [-- -- -- -- 1.0]\n",
       " [1.0 1.0 -- 1.0 --]])"
      ]
     },
     "execution_count": 110,
     "metadata": {},
     "output_type": "execute_result"
    }
   ],
   "source": [
    "g['b'][g['a'] < 0.5]"
   ]
  },
  {
   "cell_type": "code",
   "execution_count": 111,
   "metadata": {},
   "outputs": [],
   "source": [
    "g['b'][g['a'] < 0.5] *= -1"
   ]
  },
  {
   "cell_type": "code",
   "execution_count": 112,
   "metadata": {},
   "outputs": [
    {
     "data": {
      "text/html": [
       "<table>\n",
       "<tbody>\n",
       "<tr><td><b>y \\ x</b>  </td><td><b>[0. 1.]</b></td><td><b>[1. 2.]</b></td><td><b>[2. 3.]</b></td><td><b>[3. 4.]</b></td><td><b>[4. 5.]</b></td><td><b>[5. 6.]</b></td><td>...</td><td><b>[14. 15.]</b></td><td><b>[15. 16.]</b></td><td><b>[16. 17.]</b></td><td><b>[17. 18.]</b></td><td><b>[18. 19.]</b></td><td><b>[19. 20.]</b></td></tr>\n",
       "<tr><td><b>[0. 1.]</b></td><td>1             </td><td>-1            </td><td>-1            </td><td>-1            </td><td>-1            </td><td>-1            </td><td>...</td><td>1               </td><td>-1              </td><td>1               </td><td>1               </td><td>1               </td><td>-1              </td></tr>\n",
       "<tr><td><b>[1. 2.]</b></td><td>1             </td><td>-1            </td><td>-1            </td><td>-1            </td><td>-1            </td><td>-1            </td><td>...</td><td>-1              </td><td>-1              </td><td>1               </td><td>-1              </td><td>1               </td><td>-1              </td></tr>\n",
       "<tr><td><b>[2. 3.]</b></td><td>1             </td><td>-1            </td><td>-1            </td><td>1             </td><td>1             </td><td>1             </td><td>...</td><td>-1              </td><td>1               </td><td>-1              </td><td>-1              </td><td>1               </td><td>1               </td></tr>\n",
       "<tr><td><b>[3. 4.]</b></td><td>1             </td><td>1             </td><td>-1            </td><td>1             </td><td>-1            </td><td>1             </td><td>...</td><td>-1              </td><td>1               </td><td>-1              </td><td>-1              </td><td>1               </td><td>-1              </td></tr>\n",
       "<tr><td><b>[4. 5.]</b></td><td>-1            </td><td>1             </td><td>1             </td><td>-1            </td><td>1             </td><td>1             </td><td>...</td><td>-1              </td><td>1               </td><td>1               </td><td>1               </td><td>-1              </td><td>1               </td></tr>\n",
       "</tbody>\n",
       "</table>"
      ],
      "text/plain": [
       "GridArray(b : [[ 1.  1.  1.  1. -1.]\n",
       " [-1. -1. -1.  1.  1.]\n",
       " [-1. -1. -1. -1.  1.]\n",
       " [-1. -1.  1.  1. -1.]\n",
       " [-1. -1.  1. -1.  1.]\n",
       " [-1. -1.  1.  1.  1.]\n",
       " [ 1. -1.  1. -1. -1.]\n",
       " [ 1.  1.  1.  1.  1.]\n",
       " [ 1.  1.  1. -1. -1.]\n",
       " [-1.  1. -1. -1. -1.]\n",
       " [ 1. -1. -1.  1. -1.]\n",
       " [-1. -1.  1.  1.  1.]\n",
       " [ 1. -1. -1. -1.  1.]\n",
       " [ 1.  1.  1.  1.  1.]\n",
       " [ 1. -1. -1. -1. -1.]\n",
       " [-1. -1.  1.  1.  1.]\n",
       " [ 1.  1. -1. -1.  1.]\n",
       " [ 1. -1. -1. -1.  1.]\n",
       " [ 1.  1.  1.  1. -1.]\n",
       " [-1. -1.  1. -1.  1.]])"
      ]
     },
     "execution_count": 112,
     "metadata": {},
     "output_type": "execute_result"
    }
   ],
   "source": [
    "g['b']"
   ]
  },
  {
   "cell_type": "code",
   "execution_count": 113,
   "metadata": {},
   "outputs": [
    {
     "data": {
      "text/html": [
       "<table>\n",
       "<tbody>\n",
       "<tr><td><b>x</b></td><td><b>[0. 1.]</b></td><td><b>[1. 2.]</b></td><td><b>[2. 3.]</b></td><td><b>[3. 4.]</b></td><td><b>[4. 5.]</b></td><td><b>[5. 6.]</b></td><td>...</td><td><b>[14. 15.]</b></td><td><b>[15. 16.]</b></td><td><b>[16. 17.]</b></td><td><b>[17. 18.]</b></td><td><b>[18. 19.]</b></td><td><b>[19. 20.]</b></td></tr>\n",
       "<tr><td><b>a</b></td><td>3.5           </td><td>2.6           </td><td>1.9           </td><td>2.1           </td><td>2.3           </td><td>2.2           </td><td>...</td><td>1.9             </td><td>2.5             </td><td>2.6             </td><td>2.4             </td><td>3.1             </td><td>2.6             </td></tr>\n",
       "</tbody>\n",
       "</table>"
      ],
      "text/plain": [
       "GridArray(a : [3.53533203 2.58982021 1.94444074 2.13302122 2.25536793 2.22687477\n",
       " 2.23092705 4.08179189 3.09891207 2.43620503 1.66966145 2.97066094\n",
       " 2.30074066 4.48052071 1.87999512 2.51652078 2.6074934  2.43079693\n",
       " 3.08624066 2.56923322])"
      ]
     },
     "execution_count": 113,
     "metadata": {},
     "output_type": "execute_result"
    }
   ],
   "source": [
    "np.sum(g['a'], axis='y')"
   ]
  },
  {
   "cell_type": "code",
   "execution_count": 114,
   "metadata": {},
   "outputs": [
    {
     "data": {
      "text/html": [
       "<table>\n",
       "<tbody>\n",
       "<tr><td><b>x</b></td><td><b>[0. 1.]</b></td><td><b>[1. 2.]</b></td><td><b>[2. 3.]</b></td><td><b>[3. 4.]</b></td><td><b>[4. 5.]</b></td><td><b>[5. 6.]</b></td><td>...</td><td><b>[14. 15.]</b></td><td><b>[15. 16.]</b></td><td><b>[16. 17.]</b></td><td><b>[17. 18.]</b></td><td><b>[18. 19.]</b></td><td><b>[19. 20.]</b></td></tr>\n",
       "<tr><td><b>a</b></td><td>0.69          </td><td>0.61          </td><td>0.18          </td><td>0.8           </td><td>0.074         </td><td>0.51          </td><td>...</td><td>0.48            </td><td>0.56            </td><td>0.33            </td><td>0.33            </td><td>0.92            </td><td>0.48            </td></tr>\n",
       "<tr><td><b>b</b></td><td>1             </td><td>1             </td><td>-1            </td><td>1             </td><td>-1            </td><td>1             </td><td>...</td><td>-1              </td><td>1               </td><td>-1              </td><td>-1              </td><td>1               </td><td>-1              </td></tr>\n",
       "</tbody>\n",
       "</table>"
      ],
      "text/plain": [
       "GridData(Grid(\n",
       "Axis(\"x\",\n",
       "points = None,\n",
       "edges = array([[ 0.,  1.],\n",
       "       [ 1.,  2.],\n",
       "       [ 2.,  3.],\n",
       "       [ 3.,  4.],\n",
       "       [ 4.,  5.],\n",
       "       [ 5.,  6.],\n",
       "       [ 6.,  7.],\n",
       "       [ 7.,  8.],\n",
       "       [ 8.,  9.],\n",
       "       [ 9., 10.],\n",
       "       [10., 11.],\n",
       "       [11., 12.],\n",
       "       [12., 13.],\n",
       "       [13., 14.],\n",
       "       [14., 15.],\n",
       "       [15., 16.],\n",
       "       [16., 17.],\n",
       "       [17., 18.],\n",
       "       [18., 19.],\n",
       "       [19., 20.]]))\n",
       "nbins = 20),)\n",
       "[GridArray(a : [0.68794883 0.6078555  0.17522994 0.8016141  0.07361609 0.51196432\n",
       " 0.30147297 0.92659651 0.38441883 0.48203364 0.61789114 0.88212954\n",
       " 0.49259011 0.87152772 0.48274437 0.55866164 0.33401905 0.32839972\n",
       " 0.92362144 0.47724997]), GridArray(b : [ 1.  1. -1.  1. -1.  1. -1.  1. -1. -1.  1.  1. -1.  1. -1.  1. -1. -1.\n",
       "  1. -1.])])"
      ]
     },
     "execution_count": 114,
     "metadata": {},
     "output_type": "execute_result"
    }
   ],
   "source": [
    "g[:,-2]"
   ]
  },
  {
   "cell_type": "code",
   "execution_count": 115,
   "metadata": {},
   "outputs": [
    {
     "data": {
      "text/html": [
       "<table>\n",
       "<tbody>\n",
       "<tr><td><b>y \\ x</b>  </td><td><b>[19. 20.]</b>  </td><td><b>[18. 19.]</b>  </td><td><b>[17. 18.]</b>  </td><td><b>[16. 17.]</b>   </td><td><b>[15. 16.]</b>  </td><td><b>[14. 15.]</b>   </td><td>...</td><td><b>[5. 6.]</b>    </td><td><b>[4. 5.]</b>     </td><td><b>[3. 4.]</b>    </td><td><b>[2. 3.]</b>    </td><td><b>[1. 2.]</b>    </td><td><b>[0. 1.]</b>    </td></tr>\n",
       "<tr><td><b>[4. 5.]</b></td><td>a = 0.75<br>b = 1 </td><td>a = 0.21<br>b = -1</td><td>a = 0.7<br>b = 1  </td><td>a = 0.64<br>b = 1  </td><td>a = 0.89<br>b = 1 </td><td>a = 0.31<br>b = -1 </td><td>...</td><td>a = 0.56<br>b = 1 </td><td>a = 0.6<br>b = 1   </td><td>a = 0.25<br>b = -1</td><td>a = 0.54<br>b = 1 </td><td>a = 0.74<br>b = 1 </td><td>a = 0.39<br>b = -1</td></tr>\n",
       "<tr><td><b>[3. 4.]</b></td><td>a = 0.48<br>b = -1</td><td>a = 0.92<br>b = 1 </td><td>a = 0.33<br>b = -1</td><td>a = 0.33<br>b = -1 </td><td>a = 0.56<br>b = 1 </td><td>a = 0.48<br>b = -1 </td><td>...</td><td>a = 0.51<br>b = 1 </td><td>a = 0.074<br>b = -1</td><td>a = 0.8<br>b = 1  </td><td>a = 0.18<br>b = -1</td><td>a = 0.61<br>b = 1 </td><td>a = 0.69<br>b = 1 </td></tr>\n",
       "<tr><td><b>[2. 3.]</b></td><td>a = 0.8<br>b = 1  </td><td>a = 0.57<br>b = 1 </td><td>a = 0.22<br>b = -1</td><td>a = 0.029<br>b = -1</td><td>a = 0.66<br>b = 1 </td><td>a = 0.027<br>b = -1</td><td>...</td><td>a = 0.53<br>b = 1 </td><td>a = 0.98<br>b = 1  </td><td>a = 0.72<br>b = 1 </td><td>a = 0.4<br>b = -1 </td><td>a = 0.47<br>b = -1</td><td>a = 0.91<br>b = 1 </td></tr>\n",
       "<tr><td><b>[1. 2.]</b></td><td>a = 0.42<br>b = -1</td><td>a = 0.51<br>b = 1 </td><td>a = 0.46<br>b = -1</td><td>a = 0.9<br>b = 1   </td><td>a = 0.26<br>b = -1</td><td>a = 0.21<br>b = -1 </td><td>...</td><td>a = 0.26<br>b = -1</td><td>a = 0.16<br>b = -1 </td><td>a = 0.21<br>b = -1</td><td>a = 0.5<br>b = -1 </td><td>a = 0.39<br>b = -1</td><td>a = 0.94<br>b = 1 </td></tr>\n",
       "<tr><td><b>[0. 1.]</b></td><td>a = 0.12<br>b = -1</td><td>a = 0.88<br>b = 1 </td><td>a = 0.72<br>b = 1 </td><td>a = 0.71<br>b = 1  </td><td>a = 0.15<br>b = -1</td><td>a = 0.85<br>b = 1  </td><td>...</td><td>a = 0.35<br>b = -1</td><td>a = 0.45<br>b = -1 </td><td>a = 0.15<br>b = -1</td><td>a = 0.33<br>b = -1</td><td>a = 0.38<br>b = -1</td><td>a = 0.61<br>b = 1 </td></tr>\n",
       "</tbody>\n",
       "</table>"
      ],
      "text/plain": [
       "GridData(Grid(\n",
       "Axis(\"x\",\n",
       "points = None,\n",
       "edges = array([[19., 20.],\n",
       "       [18., 19.],\n",
       "       [17., 18.],\n",
       "       [16., 17.],\n",
       "       [15., 16.],\n",
       "       [14., 15.],\n",
       "       [13., 14.],\n",
       "       [12., 13.],\n",
       "       [11., 12.],\n",
       "       [10., 11.],\n",
       "       [ 9., 10.],\n",
       "       [ 8.,  9.],\n",
       "       [ 7.,  8.],\n",
       "       [ 6.,  7.],\n",
       "       [ 5.,  6.],\n",
       "       [ 4.,  5.],\n",
       "       [ 3.,  4.],\n",
       "       [ 2.,  3.],\n",
       "       [ 1.,  2.],\n",
       "       [ 0.,  1.]]))\n",
       "nbins = 20),\n",
       "Axis(\"y\",\n",
       "points = None,\n",
       "edges = array([[4., 5.],\n",
       "       [3., 4.],\n",
       "       [2., 3.],\n",
       "       [1., 2.],\n",
       "       [0., 1.]]))\n",
       "nbins = 5),)\n",
       "[GridArray(a : [[0.75464451 0.47724997 0.79825011 0.4174494  0.12163923]\n",
       " [0.20615527 0.92362144 0.56594988 0.50793063 0.88258343]\n",
       " [0.69980555 0.32839972 0.22140315 0.45927751 0.721911  ]\n",
       " [0.63535831 0.33401905 0.02921534 0.89863685 0.71026385]\n",
       " [0.88566679 0.55866164 0.65848071 0.2625145  0.15119714]\n",
       " [0.30520386 0.48274437 0.02701908 0.21410966 0.85091815]\n",
       " [0.86686726 0.87152772 0.95724464 0.81980437 0.96507672]\n",
       " [0.69969441 0.49259011 0.28728859 0.00955763 0.81160992]\n",
       " [0.82850063 0.88212954 0.613626   0.24668918 0.39971559]\n",
       " [0.00434624 0.61789114 0.18236482 0.14288056 0.72217869]\n",
       " [0.36458438 0.48203364 0.31289374 0.89685304 0.37984024]\n",
       " [0.44084284 0.38441883 0.93558232 0.64007116 0.69799693]\n",
       " [0.77128051 0.92659651 0.99700777 0.82129457 0.56561252]\n",
       " [0.03889536 0.30147297 0.80779037 0.33388275 0.74888559]\n",
       " [0.56366195 0.51196432 0.53419151 0.26473526 0.35232173]\n",
       " [0.59539014 0.07361609 0.98216289 0.15601479 0.44818402]\n",
       " [0.25327254 0.8016141  0.71628659 0.20825346 0.15359453]\n",
       " [0.54071207 0.17522994 0.40270122 0.49888907 0.32690845]\n",
       " [0.73566583 0.6078555  0.47162141 0.39401243 0.38066504]\n",
       " [0.39019938 0.68794883 0.90872383 0.94121067 0.60724931]]), GridArray(b : [[ 1. -1.  1. -1. -1.]\n",
       " [-1.  1.  1.  1.  1.]\n",
       " [ 1. -1. -1. -1.  1.]\n",
       " [ 1. -1. -1.  1.  1.]\n",
       " [ 1.  1.  1. -1. -1.]\n",
       " [-1. -1. -1. -1.  1.]\n",
       " [ 1.  1.  1.  1.  1.]\n",
       " [ 1. -1. -1. -1.  1.]\n",
       " [ 1.  1.  1. -1. -1.]\n",
       " [-1.  1. -1. -1.  1.]\n",
       " [-1. -1. -1.  1. -1.]\n",
       " [-1. -1.  1.  1.  1.]\n",
       " [ 1.  1.  1.  1.  1.]\n",
       " [-1. -1.  1. -1.  1.]\n",
       " [ 1.  1.  1. -1. -1.]\n",
       " [ 1. -1.  1. -1. -1.]\n",
       " [-1.  1.  1. -1. -1.]\n",
       " [ 1. -1. -1. -1. -1.]\n",
       " [ 1.  1. -1. -1. -1.]\n",
       " [-1.  1.  1.  1.  1.]])])"
      ]
     },
     "execution_count": 115,
     "metadata": {},
     "output_type": "execute_result"
    }
   ],
   "source": [
    "g[::-1, ::-1]"
   ]
  },
  {
   "cell_type": "code",
   "execution_count": 116,
   "metadata": {},
   "outputs": [
    {
     "data": {
      "text/html": [
       "<table>\n",
       "<tbody>\n",
       "<tr><td><b>y \\ x</b>  </td><td><b>[0. 1.]</b>   </td><td><b>[3. 4.]</b>   </td><td><b>[5. 6.]</b>   </td></tr>\n",
       "<tr><td><b>[2. 3.]</b></td><td>a = 0.91<br>b = 1</td><td>a = 0.72<br>b = 1</td><td>a = 0.53<br>b = 1</td></tr>\n",
       "<tr><td><b>[3. 4.]</b></td><td>a = 0.69<br>b = 1</td><td>a = 0.8<br>b = 1 </td><td>a = 0.51<br>b = 1</td></tr>\n",
       "</tbody>\n",
       "</table>"
      ],
      "text/plain": [
       "GridData(Grid(\n",
       "Axis(\"x\",\n",
       "points = None,\n",
       "edges = array([[0., 1.],\n",
       "       [3., 4.],\n",
       "       [5., 6.]]))\n",
       "nbins = 3),\n",
       "Axis(\"y\",\n",
       "points = None,\n",
       "edges = array([[2., 3.],\n",
       "       [3., 4.]]))\n",
       "nbins = 2),)\n",
       "[GridArray(a : [[0.90872383 0.68794883]\n",
       " [0.71628659 0.8016141 ]\n",
       " [0.53419151 0.51196432]]), GridArray(b : [[1. 1.]\n",
       " [1. 1.]\n",
       " [1. 1.]])])"
      ]
     },
     "execution_count": 116,
     "metadata": {},
     "output_type": "execute_result"
    }
   ],
   "source": [
    "g[[0,3,5], 2:-1]"
   ]
  },
  {
   "cell_type": "code",
   "execution_count": 117,
   "metadata": {},
   "outputs": [
    {
     "data": {
      "text/plain": [
       "{'a': 0.6072493123662851, 'b': 1.0}"
      ]
     },
     "execution_count": 117,
     "metadata": {},
     "output_type": "execute_result"
    }
   ],
   "source": [
    "g[0,0]"
   ]
  },
  {
   "cell_type": "code",
   "execution_count": 118,
   "metadata": {},
   "outputs": [
    {
     "data": {
      "text/plain": [
       "20.0"
      ]
     },
     "execution_count": 118,
     "metadata": {},
     "output_type": "execute_result"
    }
   ],
   "source": [
    "g.grid.edges[0].max()"
   ]
  },
  {
   "cell_type": "code",
   "execution_count": 119,
   "metadata": {},
   "outputs": [
    {
     "data": {
      "text/html": [
       "<table>\n",
       "<tbody>\n",
       "<tr><td><b>y</b></td><td><b>[0. 1.]</b></td><td><b>[1. 2.]</b></td><td><b>[2. 3.]</b></td><td><b>[3. 4.]</b></td><td><b>[4. 5.]</b></td></tr>\n",
       "<tr><td><b>b</b></td><td>0.35          </td><td>-0.019        </td><td>0.51          </td><td>0.24          </td><td>0.46          </td></tr>\n",
       "</tbody>\n",
       "</table>"
      ],
      "text/plain": [
       "GridArray(b : [ 0.35207698 -0.01935545  0.51099665  0.24048711  0.46063716])"
      ]
     },
     "execution_count": 119,
     "metadata": {},
     "output_type": "execute_result"
    }
   ],
   "source": [
    "np.mean(g['b'], axis='x') + np.std(g['a'], axis='x')"
   ]
  },
  {
   "cell_type": "code",
   "execution_count": 120,
   "metadata": {},
   "outputs": [],
   "source": [
    "g['c'] = np.sqrt(g['x']) * np.sqrt(g['y'])"
   ]
  },
  {
   "cell_type": "code",
   "execution_count": 121,
   "metadata": {},
   "outputs": [
    {
     "data": {
      "text/plain": [
       "<matplotlib.collections.QuadMesh at 0x7f3dbdba9cc0>"
      ]
     },
     "execution_count": 121,
     "metadata": {},
     "output_type": "execute_result"
    },
    {
     "data": {
